image_width: 2448
image_height: 2048
camera_name: phobos_nuclear_r
camera_matrix:
  rows: 3
  cols: 3
  data: [2346.130630459567, 0, 1255.92331539131, 0, 2345.824361961169, 988.9936228795551, 0, 0, 1]
distortion_model: plumb_bob
distortion_coefficients:
  rows: 1
  cols: 5
  data: [-0.06409501997890545, 0.0794018221369921, 8.415474979605537e-05, 0.0006708971618005249, 0]
rectification_matrix:
  rows: 3
  cols: 3
  data: [0.9998076313350609, 0.007339894704718877, -0.01818863023700761, -0.007272083497095298, 0.9999663698708313, 0.003791560228100269, 0.01821584820386415, -0.003658561612939877, 0.9998273840024278]
projection_matrix:
  rows: 3
  cols: 4
  data: [2366.485761598049, 0, 1294.577056884766, -601.6158949704236, 0, 2366.485761598049, 979.3473358154297, 0, 0, 0, 1, 0]