%YAML:1.0
---
image_width: 2448
image_height: 2048
camera_name: right
camera_matrix: !!opencv-matrix
   rows: 3
   cols: 3
   dt: d
   data: [ 2.3406029679247054e+03, 0., 1.2624061204433222e+03, 0.,
       2.3398133646709412e+03, 1.0064354234564519e+03, 0., 0., 1. ]
distortion_model: plumb_bob
distortion_coefficients: !!opencv-matrix
   rows: 1
   cols: 5
   dt: d
   data: [ -8.0822179685924436e-02, 1.1212882589730767e-01,
       8.9848448915343169e-05, 5.0925175528385473e-04,
       -3.8332545904394139e-02 ]
rectification_matrix: !!opencv-matrix
   rows: 3
   cols: 3
   dt: d
   data: [ 9.9995898540228423e-01, 4.1598263856477136e-03,
       8.0450828258921171e-03, -4.1535389628794914e-03,
       9.9999105555601198e-01, -7.9807396676034295e-04,
       -8.0483307162440322e-03, 7.6462566910071397e-04,
       9.9996731932612093e-01 ]
projection_matrix: !!opencv-matrix
   rows: 3
   cols: 4
   dt: d
   data: [ 2.3361388897352817e+03, 0., 1.2400678100585938e+03,
       -5.8601758341369509e+02, 0., 2.3361388897352817e+03,
       9.9678782653808594e+02, 0., 0., 0., 1., 0. ]
