%YAML:1.0
---
image_width: 2448
image_height: 2048
camera_name: left
camera_matrix: !!opencv-matrix
   rows: 3
   cols: 3
   dt: d
   data: [ 2.3326413194183256e+03, 0., 1.2377252023664021e+03, 0.,
       2.3324644147996219e+03, 9.8660237676657118e+02, 0., 0., 1. ]
distortion_model: plumb_bob
distortion_coefficients: !!opencv-matrix
   rows: 1
   cols: 5
   dt: d
   data: [ -7.7720681951428033e-02, 9.9630051884487286e-02,
       6.2701418388093702e-04, -2.2870186625904262e-04,
       -1.6758380718439620e-02 ]
rectification_matrix: !!opencv-matrix
   rows: 3
   cols: 3
   dt: d
   data: [ 9.9997821818698496e-01, -3.0026685581034137e-03,
       5.8776809298018437e-03, 2.9980513726950118e-03,
       9.9999519045657781e-01, 7.9419876542285561e-04,
       -5.8800373765020104e-03, -7.7655987695399468e-04,
       9.9998241090291617e-01 ]
projection_matrix: !!opencv-matrix
   rows: 3
   cols: 4
   dt: d
   data: [ 2.3361388897352817e+03, 0., 1.2198199768066406e+03, 0., 0.,
       2.3361388897352817e+03, 9.9678782653808594e+02, 0., 0., 0., 1.,
       0. ]
