image_width: 2448
image_height: 2048
camera_name: phobos_nuclear_l
camera_matrix:
  rows: 3
  cols: 3
  data: [2340.041045883569, 0, 1249.381834452148, 0, 2339.308808333445, 966.2878416276985, 0, 0, 1]
distortion_model: plumb_bob
distortion_coefficients:
  rows: 1
  cols: 5
  data: [-0.06830031416175421, 0.08199306576670046, 0.0006611024477625074, 0.0009649980598805195, 0]
rectification_matrix:
  rows: 3
  cols: 3
  data: [0.9999419904648236, -0.004214084493494666, -0.009912476841252522, 0.004177128360694005, 0.9999842594266213, -0.003745997550732012, 0.009928106763374613, 0.003704374559016968, 0.9999438535764004]
projection_matrix:
  rows: 3
  cols: 4
  data: [2366.485761598049, 0, 1294.577056884766, 0, 0, 2366.485761598049, 979.3473358154297, 0, 0, 0, 1, 0]