image_width: 2448
image_height: 2048
camera_name: phobos_nuclear_r
camera_matrix:
  rows: 3
  cols: 3
  data: [2318.831015327577, 0, 1256.621982452473, 0, 2319.369157250032, 1014.442535096816, 0, 0, 1]
distortion_model: plumb_bob
distortion_coefficients:
  rows: 1
  cols: 5
  data: [-0.07607089914098149, 0.0910779560783484, 0.001798525466904773, 0.001008181109459875, 0]
rectification_matrix:
  rows: 3
  cols: 3
  data: [0.9999587855130458, 0.001183660014202509, 0.009001456784595668, -0.001195925687576923, 0.9999983636508576, 0.001357371488213319, -0.008999835388714584, -0.001368080618238097, 0.9999585648007611]
projection_matrix:
  rows: 3
  cols: 4
  data: [2325.145065822177, 0, 1229.143615722656, -589.4577067637359, 0, 2325.145065822177, 1008.820594787598, 0, 0, 0, 1, 0]