image_width: 2448
image_height: 2048
camera_name: phobos_nuclear_l
camera_matrix:
  rows: 3
  cols: 3
  data: [2315.53716077404, 0, 1245.838080663513, 0, 2312.975661537237, 996.4128410879592, 0, 0, 1]
distortion_model: plumb_bob
distortion_coefficients:
  rows: 1
  cols: 5
  data: [-0.07351424063312977, 0.08748116567679222, 0.001144011927020101, -0.003029893423373126, 0]
rectification_matrix:
  rows: 3
  cols: 3
  data: [0.9999682906338551, 0.006844693538032999, 0.004070368186801166, -0.006839140284524389, 0.9999756651738098, -0.001376670027695601, -0.004079692019541404, 0.001348788555322474, 0.999990768398618]
projection_matrix:
  rows: 3
  cols: 4
  data: [2325.145065822177, 0, 1229.143615722656, 0, 0, 2325.145065822177, 1008.820594787598, 0, 0, 0, 1, 0]