image_width: 2448
image_height: 2048
camera_name: phobos_nuclear_l
camera_matrix:
  rows: 3
  cols: 3
  data: [2328.455471191311, 0, 1238.764072286283, 0, 2326.061828402233, 961.191818560985, 0, 0, 1]
distortion_model: plumb_bob
distortion_coefficients:
  rows: 1
  cols: 5
  data: [-0.07898380570687907, 0.07607973843051002, -0.002789778186229637, -0.0002102681253986926, 0]
rectification_matrix:
  rows: 3
  cols: 3
  data: [0.9995151968392648, 0.009189174665718636, -0.02974777901505713, -0.00935784682033833, 0.9999408909055728, -0.005535828560955457, 0.02969515095521221, 0.005811519933039996, 0.9995421072900406]
projection_matrix:
  rows: 3
  cols: 4
  data: [2375.273190505831, 0, 1326.259231567383, 0, 0, 2375.273190505831, 977.69677734375, 0, 0, 0, 1, 0]