image_width: 2448
image_height: 2048
camera_name: phobos_nuclear_r
camera_matrix:
  rows: 3
  cols: 3
  data: [2354.86155422421, 0, 1237.626418273283, 0, 2348.136132443409, 1000.153741396482, 0, 0, 1]
distortion_model: plumb_bob
distortion_coefficients:
  rows: 1
  cols: 5
  data: [-0.06361816061509515, 0.0730123915893153, -0.0006568877957151284, 0.001991332638909642, 0]
rectification_matrix:
  rows: 3
  cols: 3
  data: [0.9995284838514015, 0.002906498766274092, -0.03056733934513003, -0.00273298136321247, 0.9999799242416719, 0.005716810866930112, 0.03058334158634434, -0.005630575329534641, 0.9995163609660781]
projection_matrix:
  rows: 3
  cols: 4
  data: [2375.273190505831, 0, 1326.259231567383, -603.1259096527104, 0, 2375.273190505831, 977.69677734375, 0, 0, 0, 1, 0]