image_width: 2448
image_height: 2048
camera_name: phobos_nuclear_r
camera_matrix:
  rows: 3
  cols: 3
  data: [2217.272, 0, 1224, 0, 2217.272, 1024, 0, 0, 1]
distortion_model: plumb_bob
distortion_coefficients:
  rows: 1
  cols: 5
  data: [-0.06467745237135779, 0.05565228984249572, 0.001578315341244252, 0.00392830661244274, 0]
rectification_matrix:
  rows: 3
  cols: 3
  data: [0.9999780090385546, 0.001575371778226616, 0.006442021658496446, -0.001582095475856495, 0.9999982089720925, 0.001038762009632414, -0.006440373684301612, -0.001048931059578349, 0.9999787104385967]
projection_matrix:
  rows: 3
  cols: 4
  data: [2217.272, 0, 1224, -587.577, 0, 2217.272, 1024, 0, 0, 0, 1, 0]
