image_width: 2448
image_height: 2048
camera_name: phobos_nuclear_l
camera_matrix:
  rows: 3
  cols: 3
  data: [2217.272, 0, 1224, 0, 2217.272, 1024, 0, 0, 1]
distortion_model: plumb_bob
distortion_coefficients:
  rows: 1
  cols: 5
  data: [-0.0851229978087179, 0.09992164106175587, 0.0007955328075917716, -0.0004182775394996951, 0]
rectification_matrix:
  rows: 3
  cols: 3
  data: [0.999937221408063, 0.008023811918201241, -0.007821232960575915, -0.008031971886524006, 0.9999672306415852, -0.001012457709130508, 0.007812852893556581, 0.00107521407171847, 0.9999689011386121]
projection_matrix:
  rows: 3
  cols: 4
  data: [2217.272, 0, 1224, 0, 0, 2217.272, 1024, 0, 0, 0, 1, 0]
