image_width: 2448
image_height: 2048
camera_name: phobos_nuclear_l
camera_matrix:
  rows: 3
  cols: 3
  data: [2333.894014567345, 0, 1253.422274133772, 0, 2335.76042387474, 1044.550384102823, 0, 0, 1]
distortion_model: plumb_bob
distortion_coefficients:
  rows: 1
  cols: 5
  data: [-0.07444666451575555, 0.08138368438712132, -0.001529714211481685, 0.001032976143743216, 0]
rectification_matrix:
  rows: 3
  cols: 3
  data: [0.9864594513096443, 0.003210625079817536, -0.1639739089259999, -0.002864017866905194, 0.9999931370422351, 0.002350163842705061, 0.1639803290749635, -0.001848717129892251, 0.9864618765676858]
projection_matrix:
  rows: 3
  cols: 4
  data: [3560.24214503201, 0, 1297.845176696777, 0, 0, 3560.24214503201, 1048.47371673584, 0, 0, 0, 1, 0]