image_width: 2448
image_height: 2048
camera_name: phobos_nuclear_r
camera_matrix:
  rows: 3
  cols: 3
  data: [2333.996368789155, 0, 1247.917134338312, 0, 2333.945248607775, 1056.696051459709, 0, 0, 1]
distortion_model: plumb_bob
distortion_coefficients:
  rows: 1
  cols: 5
  data: [-0.07101217057823463, 0.05952058935698232, -0.0003711697432119383, -0.0002918888581998758, 0]
rectification_matrix:
  rows: 3
  cols: 3
  data: [0.9909694314330688, 0.002160689725326775, 0.1340705686760936, -0.001877614242830697, 0.9999957334143901, -0.002237793058186775, -0.1340748318290028, 0.001965851705245573, 0.9909692603189554]
projection_matrix:
  rows: 3
  cols: 4
  data: [3560.24214503201, 0, 1297.845176696777, 1034.892661423902, 0, 3560.24214503201, 1048.47371673584, 0, 0, 0, 1, 0]