%YAML:1.0
---
image_width: 2448
image_height: 2048
camera_name: rightCamera
camera_matrix: !!opencv-matrix
   rows: 3
   cols: 3
   dt: d
   data: [ 2.3363629105365308e+03, 0., 1.2597230583541807e+03, 0.,
       2.3366772018260285e+03, 9.8553538245600066e+02, 0., 0., 1. ]
distortion_model: plumb_bob
distortion_coefficients: !!opencv-matrix
   rows: 1
   cols: 5
   dt: d
   data: [ -8.1120371609534614e-02, 1.1244343720095704e-01,
       1.4537806796498275e-04, 1.1322940871744297e-04,
       -4.9817868335926850e-02 ]
rectification_matrix: !!opencv-matrix
   rows: 3
   cols: 3
   dt: d
   data: [ 9.9991950177705702e-01, 8.4042188555586515e-03,
       -9.5057388639775871e-03, -8.3555132251481954e-03,
       9.9995182012032369e-01, 5.1519740679193838e-03,
       9.5485791962278133e-03, -5.0721340163695011e-03,
       9.9994154733756979e-01 ]
projection_matrix: !!opencv-matrix
   rows: 3
   cols: 4
   dt: d
   data: [ 2.3352395895109635e+03, 0., 1.2890453491210938e+03,
       -5.9070027785144589e+02, 0., 2.3352395895109635e+03,
       9.6879698181152344e+02, 0., 0., 0., 1., 0. ]
