%YAML:1.0
---
image_width: 2448
image_height: 2048
camera_name: leftCamera
camera_matrix: !!opencv-matrix
   rows: 3
   cols: 3
   dt: d
   data: [ 2.3336586934022230e+03, 0., 1.2381594538216580e+03, 0.,
       2.3338019771958984e+03, 9.5575217325059236e+02, 0., 0., 1. ]
distortion_model: plumb_bob
distortion_coefficients: !!opencv-matrix
   rows: 1
   cols: 5
   dt: d
   data: [ -8.2883643701039650e-02, 1.1949699891546345e-01,
       -4.6605840474658877e-04, 3.5742804776560540e-04,
       -6.9585886108621375e-02 ]
rectification_matrix: !!opencv-matrix
   rows: 3
   cols: 3
   dt: d
   data: [ 9.9996210805033836e-01, -3.5700545465397263e-03,
       -7.9395953334214717e-03, 3.5292511065638872e-03,
       9.9998052454954156e-01, -5.1473204923457999e-03,
       7.9578169211520604e-03, 5.1191046247206591e-03,
       9.9995523295680122e-01 ]
projection_matrix: !!opencv-matrix
   rows: 3
   cols: 4
   dt: d
   data: [ 2.3352395895109635e+03, 0., 1.2636218566894531e+03, 0., 0.,
       2.3352395895109635e+03, 9.6879698181152344e+02, 0., 0., 0., 1.,
       0. ]
